19
60
60
75
1
93
10
12
74
17
30
36
96
15
89
7
48
69
35
30
28
1
2
2
34
52
41
58
17
75
53
82
42
96
28
41
57
33
79
35
25
95
72
3
68
79
23
32
84
28
60
44
89
13
17
6
68
87
65
38
1
85
100
65
16
90
90
16
22
55
11
79
24
3
99
14
31
67
59
56
87
0
33
6
94
30
91
52
50
30
47
44
52
98
13
49
48
16
34
6
9
55
68
59
2
7
67
44
74
32
10
54
53
83
10
49
70
92
26
42
15
3
63
49
1
31
6
53
82
23
60
34
40
50
33
14
96
73
33
100
33
64
16
12
92
44
95
65
91
67
30
14
13
66
51
5
79
84
10
20
58
15
97
9
19
89
19
62
34
76
6
71
7
24
68
65
25
33
25
78
64
3
96
4
66
40
50
98
84
39
27
63
51
88
49
70
67
24
90
95
88
79
77
60
33
4
5
33
38
83
18
10
91
42
36
87
67
51
71
99
58
22
20
43
74
22
1
28
1
5
54
97
15
91
14
33
98
78
53
54
82
93
24
50
86
23
37
15
10
88
24
55
62
68
43
77
21
79
58
14
38
96
67
63
62
18
46
89
8
43
85
56
15
86
26
7
97
84
24
13
51
53
94
91
30
76
84
4
60
7
92
86
50
67
6
79
25
16
58
38


