123221
274520
2088
67623
12368
401924
305621
252325
161514
22637
74307
40920
37147
734716
191920
374120
161921
3415
242811
65173
36582
42687
751824
425012
52553
603417
364821
55255
42144
156716
8118
15483
274110
405123
4756
427125
727422
482913
41457
25186
23121
264310
744522
6245
54141
4229
33494
6247
602313
51353
27224
164323
552620
503316
441212
68489
56812
322420
266024
74675
31665
37603
94514
33323
327212
34916
181015
684418
195616
69583
51529
695915
123716
32711
323012
15597
65824
53117
11322
69241
15612
41195
69464
24591
191818
621120
39113
473715
273722
25121
404119
33563
10671
305024
66624
36316
65924
19321
603317
52165
