64 46 20
51 51 23
24 59 19
48 13 15
61 6 6
40 72 21
10 13 24
69 33 12
39 35 23
6 12 1
74 16 5
30 36 7
27 70 3
53 48 22
48 36 19
53 25 18
36 43 10
41 69 19
33 61 14
71 67 19
52 29 7
45 70 8
28 1 11
11 33 12
41 48 15
2 7 12
32 41 1
20 20 17
13 46 19
26 25 23
7 4 4
2 28 25
40 23 5
60 41 7
31 31 3
48 63 23
33 69 22
11 30 18
31 33 21
69 3 16
38 6 12
29 63 11
66 47 21
27 53 5
9 34 24
68 39 1
57 7 21
1 40 22
51 15 22
72 50 11
4 72 6
27 13 4
39 2 7
34 49 5
14 7 6
8 68 18
66 72 19
8 30 23
34 64 22
74 32 13
24 40 17
60 14 2
15 28 19
11 62 18
53 51 10
60 74 18
24 18 7
25 67 11
17 60 11
2 57 18
61 25 8
63 30 11
4 31 22
52 42 21
34 14 9
16 31 9
31 60 25
39 17 10
45 27 2
42 75 8
51 3 18
18 26 16
56 60 25
50 49 1
49 56 16
53 45 8
12 7 6
15 41 6
44 41 3
18 33 14
54 62 6
60 20 19
14 2 25
2 56 4
70 65 1
11 29 25
9 57 8
32 52 16
32 46 11
34 14 22
